1	1	1270
2	6	1271
3	7	1272
4	4	1276
5	8	1277
6	4	1278
7	5	1279
8	10	1280
9	9	1280
10	11	1282
11	12	1283
12	15	1284
13	14	1284
14	17	1285
15	2	1295
16	18	1286
17	4	1287
18	19	1288
19	22	1290
20	21	1290
21	23	1291
22	15	1292
23	13	1294
24	20	1289
25	25	1274
26	4	1281
27	26	1275
28	27	1273
29	28	1293
30	4	1267
31	5	1247
33	30	1248
34	29	1248
35	1	1246
36	22	1249
37	30	1250
38	5	1250
39	19	1251
40	32	1252
41	33	1253
42	34	1254
43	35	1255
44	29	1256
45	5	1256
46	33	1257
47	36	1257
49	37	1258
51	31	1259
52	5	1260
53	38	1261
54	2	1296
55	39	1262
56	40	1263
57	5	1263
58	4	1264
59	31	1265
60	4	1265
61	4	1266
63	41	1268
64	13	1269
65	1	1223
66	42	1224
67	42	1225
68	32	1226
69	43	1227
70	44	1228
71	46	1229
72	45	1230
73	31	1231
74	5	1231
75	47	1232
77	4	1233
78	10	1234
79	9	1234
80	4	1235
81	48	1236
82	24	1237
83	49	1237
84	51	1238
85	50	1239
86	42	1240
87	4	1240
89	52	1241
90	30	1242
91	53	1243
92	13	1244
93	4	1245
94	31	1245
95	2	1297
96	1	1198
97	52	1199
98	29	1200
99	54	1201
100	43	1202
101	55	1203
102	56	1204
103	34	1205
104	57	1206
105	6	1207
107	5	1208
108	32	1209
109	58	1210
110	4	1211
111	60	1212
112	59	1213
113	2	1298
114	61	1214
115	5	1214
116	62	1215
117	20	1216
118	48	1217
119	22	1218
120	49	1219
121	63	1220
122	65	1221
123	64	1222
124	1	1172
125	42	1173
126	31	1174
127	32	1175
128	43	1176
129	74	1177
130	37	1178
131	67	1299
132	66	1299
133	20	1300
134	31	1300
135	49	1301
136	5	1302
137	43	1303
138	17	1304
139	32	1305
140	41	1306
141	35	1307
142	12	1308
143	10	1309
144	9	1309
145	69	1310
146	70	1311
147	68	1312
148	44	1313
149	2	1322
150	6	1314
151	32	1315
152	32	1316
153	20	1317
154	72	1318
155	73	1319
156	4	1320
158	13	1321
159	1	1299
160	37	1179
161	75	1180
162	9	1181
163	4	1182
164	4	1183
165	42	1184
166	76	1185
167	76	1186
168	77	1187
169	67	1188
170	4	1189
171	2	1323
172	4	1190
173	43	1191
174	78	1192
175	22	1193
176	5	1194
177	22	1194
178	4	1195
179	41	1196
180	72	1197
181	1	1150
182	74	1151
183	41	1151
184	4	1152
185	79	1304
186	43	1154
187	79	1155
188	76	1156
189	77	1157
190	4	1158
191	77	1159
192	4	1160
193	80	1161
194	81	1162
195	42	1163
196	10	1164
197	9	1164
198	32	1165
199	41	1166
200	81	1167
201	4	1168
202	81	1169
203	82	1170
204	79	1171
205	2	1324
206	42	1153
207	1	1128
210	41	1129
211	45	1130
212	4	1131
213	43	1132
214	49	1133
215	37	1134
216	83	1135
217	41	1136
218	30	1136
219	84	1137
220	85	1138
221	86	1138
222	87	1138
223	33	1139
224	9	1140
225	43	1141
226	88	1142
227	2	1325
228	89	1143
229	41	1144
230	90	1145
231	91	1318
232	78	1146
233	5	1147
234	92	1148
235	44	1149
236	57	1149
237	1	1107
238	43	1108
239	4	1109
240	29	1110
241	22	1111
242	43	1112
243	64	1113
244	57	1114
245	6	1115
246	29	1116
247	64	1116
248	22	1117
249	19	1117
250	4	1118
251	4	1119
252	18	1120
253	74	1121
254	2	1326
255	93	1122
256	4	1123
257	5	1124
258	64	1125
259	4	1126
260	4	1127
261	1	1087
262	95	1088
263	33	1089
264	4	1090
265	43	1091
266	4	1092
267	4	1093
268	22	1094
269	4	1094
270	4	1095
271	4	1096
272	33	1097
273	94	1126
274	29	1098
275	19	1099
276	2	1327
277	32	1100
278	32	1101
279	4	1102
280	66	1103
281	96	1103
282	4	1104
283	29	1105
284	48	1106
285	16	1285
286	1	1068
287	4	1069
288	97	1069
289	60	1070
290	43	1071
291	52	1071
292	32	1072
293	4	1073
294	77	1074
295	4	1075
296	4	1076
297	5	1077
298	99	1078
299	4	1079
300	10	1080
301	2	1328
302	29	1081
303	5	1082
304	48	1083
305	59	1083
306	48	1084
307	69	1084
308	57	1085
309	41	1086
310	1	1046
311	5	1047
312	97	1048
313	52	1049
314	48	1049
315	5	1050
316	43	1051
317	5	1052
318	32	1053
319	80	1053
320	100	1054
321	99	1055
322	4	1056
323	4	1057
324	59	1057
325	95	1058
326	101	1059
327	2	1329
328	61	1060
329	89	1062
330	6	1063
331	4	1064
332	4	1065
333	81	1061
334	32	1061
335	4	1066
336	102	1067
337	1	1024
338	29	1025
339	41	1025
340	103	1026
341	5	1027
342	4	1028
343	29	1029
344	4	1030
345	52	1030
346	84	1031
347	100	1032
348	42	1033
349	5	1034
350	79	1035
351	39	1036
352	57	1037
353	41	1037
354	2	1330
355	32	1038
356	77	1039
357	33	1040
358	5	1040
359	4	1041
360	4	1042
361	4	1043
362	22	1044
363	5	1045
364	19	1045
365	1	999
366	102	1000
367	41	1001
368	5	1002
369	104	1002
370	5	1003
371	78	1004
372	7	1005
373	105	1006
374	69	1005
375	41	1007
376	57	1007
377	4	1008
378	4	1009
379	43	1010
380	80	1010
381	41	1011
382	4	1012
383	5	1013
384	2	1331
385	81	1014
386	22	1015
387	102	1016
388	5	1017
389	99	1018
390	41	1019
391	90	1020
392	32	1021
393	5	1022
394	32	1023
395	1	975
396	25	976
397	25	977
398	25	978
399	4	979
400	106	980
401	95	981
402	4	981
403	107	982
404	107	983
405	41	984
406	57	985
407	4	986
408	74	987
409	80	987
410	9	988
411	4	989
412	4	990
413	2	1332
414	77	991
415	74	992
416	4	993
417	19	994
418	31	994
419	46	995
420	5	996
421	46	997
422	77	998
423	1	955
424	93	956
425	4	957
426	4	958
427	42	959
428	108	960
429	4	961
430	22	962
431	109	963
432	77	964
433	84	965
434	25	966
435	4	967
436	110	968
437	111	969
438	2	1333
439	102	970
440	29	971
441	41	972
442	77	973
443	106	974
444	1	935
445	43	936
446	22	937
447	87	937
448	22	938
449	4	938
450	4	939
451	5	940
452	77	941
453	102	942
454	22	943
455	29	944
456	77	945
457	93	946
458	2	1334
459	112	947
460	5	948
461	4	949
462	4	950
463	41	951
464	57	951
465	46	952
466	49	953
467	78	953
468	4	954
469	1	915
470	81	916
471	20	917
472	57	917
473	19	918
474	75	919
475	4	920
476	5	921
477	5	922
478	41	923
479	106	924
480	5	925
481	4	926
482	31	927
483	77	928
484	2	1335
485	4	929
486	4	930
487	22	931
488	110	932
489	5	933
490	74	934
491	1	900
492	102	901
493	77	902
494	37	903
495	111	904
496	74	905
497	46	906
498	44	906
499	77	907
500	77	908
501	112	909
502	113	910
503	2	1336
504	52	911
505	41	912
506	29	913
507	105	914
508	1	879
509	101	880
510	4	881
511	4	882
512	74	883
513	5	883
514	74	884
515	5	884
516	5	885
517	32	886
518	5	887
519	5	888
520	5	889
521	32	890
522	46	891
523	5	892
524	2	1337
525	5	893
526	30	893
527	30	894
528	4	895
529	61	896
530	10	896
531	42	897
533	75	898
534	5	899
535	22	1357
536	41	1339
537	81	1340
538	43	1341
539	80	1342
540	43	1343
541	77	1344
542	10	1345
543	103	1345
544	41	1346
545	77	1347
546	5	1348
547	81	1349
548	80	1350
549	94	1350
550	99	1351
551	41	1352
552	40	1353
553	4	1353
554	12	1354
555	23	1355
556	4	1355
557	6	1356
558	99	1356
559	4	1357
560	81	1358
561	4	1358
562	32	1358
563	22	1359
564	13	1360
565	1	1338
566	114	1361
567	2	1362
568	1	861
569	77	862
570	115	863
571	116	864
572	4	864
573	80	865
574	48	866
575	22	867
576	22	868
577	22	869
578	43	870
579	29	871
580	80	871
581	105	872
582	78	872
583	86	872
584	2	1363
585	41	873
586	4	874
587	22	874
588	19	875
589	4	876
590	79	876
591	4	877
592	77	878
593	1	839
594	22	840
595	30	841
596	5	841
597	30	842
598	5	843
599	77	844
600	77	845
601	117	846
602	5	846
603	41	847
604	46	848
605	32	849
606	4	850
607	19	851
608	77	852
609	74	853
610	2	1364
611	118	854
612	77	855
613	33	856
614	80	856
615	10	857
616	41	858
617	119	859
618	77	860
619	1	821
620	63	822
621	78	823
622	24	823
623	32	824
624	95	824
625	120	825
626	74	826
627	48	827
628	30	828
629	64	829
630	46	830
631	5	831
632	30	832
633	2	1365
634	22	833
635	22	834
636	118	835
637	19	836
638	6	837
639	4	838
640	1	785
641	4	786
642	41	787
643	77	788
644	41	789
645	9	790
646	38	791
647	23	792
648	48	793
649	77	794
650	117	795
651	31	795
652	102	796
653	77	797
654	70	798
655	61	799
656	2	1366
657	77	800
658	41	801
659	113	799
660	80	802
661	80	803
662	121	803
663	1	764
664	43	765
665	52	765
666	43	766
667	122	793
668	122	767
669	32	768
670	39	769
671	39	770
672	5	771
673	77	772
674	32	773
675	56	774
676	77	775
677	74	776
678	2	1367
679	77	777
680	30	778
681	30	779
682	30	780
683	4	782
684	4	783
685	123	784
686	1	745
687	22	746
688	49	747
689	24	747
690	77	748
691	77	781
692	33	749
693	80	750
694	43	751
695	6	751
696	77	752
697	43	753
698	80	754
699	74	754
700	4	755
701	43	756
702	52	756
703	34	757
704	2	1368
705	77	758
706	70	759
707	32	760
708	123	761
709	61	762
710	41	763
711	1	726
712	77	727
713	48	728
714	25	729
715	5	729
716	77	730
717	77	731
718	124	732
719	6	733
720	6	734
721	83	735
722	4	735
723	43	736
724	2	1370
725	41	1369
726	30	737
727	39	738
728	4	739
729	80	740
730	4	741
733	5	742
734	4	743
735	77	744
736	41	708
737	1	707
738	24	709
739	43	710
740	48	711
741	80	711
742	61	712
743	80	713
744	40	713
745	4	714
746	30	715
747	80	715
748	77	716
749	125	717
750	30	718
751	77	719
752	2	1371
753	5	720
754	77	721
755	31	722
756	77	723
757	4	724
758	4	725
759	1	687
760	41	688
761	4	689
762	56	690
763	5	691
764	61	692
765	61	693
766	9	693
767	77	694
768	106	695
769	30	696
770	63	697
771	14	697
772	2	1372
773	77	698
774	127	699
775	77	700
776	6	701
777	4	702
778	4	703
779	4	704
780	22	705
781	41	706
782	1	671
783	52	672
785	43	674
786	70	675
787	77	676
788	106	677
789	31	677
790	4	678
791	41	679
793	2	1373
794	4	681
797	30	683
798	4	683
799	32	683
801	64	682
802	4	682
803	41	680
804	43	684
805	77	685
806	106	686
807	1	655
808	128	656
809	129	657
810	41	658
811	79	659
812	4	660
813	41	661
814	31	661
815	4	662
816	77	663
817	2	1374
819	130	664
820	77	665
821	63	666
822	3	667
823	46	668
824	77	669
825	77	670
826	1	804
827	100	805
828	77	806
829	88	807
830	77	808
831	134	809
832	22	810
833	126	810
834	126	811
835	9	812
836	56	813
837	2	1375
838	19	814
839	6	815
840	43	815
841	4	816
842	4	817
843	30	818
844	77	819
845	131	820
846	1	1376
847	48	1377
848	48	1378
849	32	1378
850	131	1379
851	101	1379
852	43	1380
853	77	1381
854	5	1382
855	132	1382
856	133	1383
857	132	1384
858	101	1385
859	5	1386
860	132	1386
861	99	1387
862	33	1387
863	4	1388
864	77	1389
865	5	1390
866	77	1391
867	12	1392
868	2	1399
869	48	1393
870	41	1393
871	4	1394
872	41	1394
873	132	1394
874	133	1395
875	22	1395
876	29	1396
877	133	1396
878	122	1397
879	114	1398
880	1	637
881	80	638
882	133	638
883	19	639
884	89	640
885	133	641
886	5	641
887	3	642
888	41	642
889	77	643
890	32	644
891	77	645
892	4	646
893	77	647
894	3	648
895	2	1400
896	6	649
897	88	650
898	77	651
899	46	652
900	126	653
901	4	654
902	1	621
903	31	622
904	4	623
905	77	624
906	43	625
907	77	626
908	63	627
909	131	628
910	33	629
911	41	630
913	2	1401
914	23	631
915	64	632
916	77	633
917	23	634
918	61	635
919	77	636
920	1	603
921	41	604
922	119	605
923	77	606
924	6	607
925	132	607
926	4	608
927	77	609
928	41	610
929	33	611
930	6	612
931	33	612
932	29	613
933	74	613
934	2	1402
935	135	614
936	81	615
937	80	616
938	4	616
939	126	617
940	4	618
941	6	619
942	126	620
943	1	583
944	33	584
945	77	585
946	126	586
947	41	587
948	126	588
949	41	589
950	41	590
951	41	1403
952	48	591
953	110	592
954	4	593
955	4	594
956	32	594
957	19	595
958	2	1404
959	61	596
960	126	597
961	6	598
962	19	599
963	30	600
964	77	601
965	56	602
966	1	566
967	4	567
968	41	568
969	6	569
970	6	570
971	132	570
972	126	571
973	77	572
974	43	573
975	43	574
976	72	575
977	2	1405
978	77	576
979	77	577
980	64	578
981	6	579
982	6	580
983	43	581
984	4	582
985	1	550
987	136	551
988	41	552
989	131	553
990	6	554
991	4	555
992	30	555
993	6	556
994	106	557
995	89	558
996	80	559
997	71	560
998	6	561
999	126	562
1000	126	1406
1001	2	1407
1002	43	563
1003	131	563
1004	137	564
1005	77	565
1006	138	564
1007	1	533
1008	31	534
1009	41	534
1010	126	535
1011	136	536
1012	137	536
1013	126	537
1014	133	538
1015	77	539
1016	113	540
1017	77	541
1018	137	541
1019	106	542
1020	2	1408
1021	77	543
1022	126	544
1023	136	545
1024	41	546
1025	77	547
1026	43	548
1027	132	548
1028	112	549
1029	1	520
1030	77	521
1031	136	522
1032	136	523
1033	126	523
1034	105	524
1035	74	525
1036	106	525
1037	80	526
1038	63	527
1039	137	527
1040	88	528
1041	2	1409
1042	43	529
1043	14	530
1044	72	531
1045	5	532
1046	132	532
1047	1	501
1048	77	502
1049	132	502
1050	77	503
1051	4	504
1052	77	505
1053	43	506
1054	4	507
1055	77	508
1056	132	508
1057	4	509
1058	137	509
1059	89	510
1060	30	511
1061	77	512
1062	77	513
1063	2	1410
1064	88	514
1065	130	515
1066	136	516
1067	24	517
1068	137	517
1069	6	518
1070	48	519
1071	137	519
1072	1	484
1073	74	485
1074	74	486
1075	106	486
1076	136	487
1077	105	488
1078	137	488
1079	41	489
1080	117	490
1081	130	491
1082	43	492
1083	136	492
1084	6	493
1085	132	493
1086	6	494
1087	77	495
1088	2	1411
1089	136	496
1090	136	497
1091	136	498
1092	89	499
1093	126	500
1094	1	467
1095	43	468
1096	30	469
1097	77	470
1098	4	471
1099	137	471
1100	6	472
1101	77	473
1102	136	474
1103	5	475
1104	6	476
1105	30	477
1106	41	477
1107	5	478
1108	61	478
1109	2	1412
1110	77	479
1111	6	480
1112	74	481
1113	77	482
1114	43	483
1115	1	450
1116	43	451
1117	43	452
1118	126	453
1119	6	454
1120	43	454
1121	77	455
1122	43	456
1123	29	457
1124	80	457
1125	81	458
1126	64	459
1127	137	459
1128	41	460
1129	77	461
1130	2	1413
1131	136	462
1132	126	463
1133	136	1414
1134	41	464
1135	138	464
1136	77	465
1137	72	466
1138	1	435
1139	136	436
1140	77	437
1141	6	438
1142	106	439
1143	43	440
1144	77	441
1145	43	442
1146	131	442
1147	136	443
1148	43	444
1149	77	445
1150	2	1415
1151	48	446
1152	35	447
1153	135	448
1154	77	449
1155	1	425
1156	88	426
1157	126	427
1158	5	429
1159	6	428
1160	4	430
1161	96	431
1162	131	432
1163	2	1416
1164	72	433
1165	126	434
1166	1	413
1167	30	414
1168	43	415
1169	42	416
1170	77	417
1171	130	418
1172	131	418
1173	136	419
1174	43	420
1175	43	421
1176	2	1417
1177	80	422
1178	77	423
1179	72	424
1180	1	399
1181	136	400
1182	32	401
1183	74	402
1184	138	402
1185	72	403
1186	4	404
1187	74	404
1188	136	405
1189	132	405
1190	77	406
1191	19	407
1192	136	408
1193	2	1418
1194	81	409
1195	72	410
1196	123	411
1197	6	412
1198	1	385
1199	130	386
1200	43	387
1201	6	388
1202	4	389
1203	6	390
1204	4	391
1205	137	391
1206	4	392
1207	137	392
1208	2	1419
1209	43	393
1210	136	393
1211	43	394
1212	77	395
1213	32	396
1214	4	397
1215	137	397
1216	123	398
1217	1	367
1218	88	368
1219	4	369
1220	1	1420
1221	4	1421
1222	29	1421
1223	22	1422
1224	136	1423
1225	133	1424
1226	43	1425
1227	136	1426
1228	89	1427
1229	77	1428
1230	4	1429
1231	136	1430
1232	77	1431
1233	132	1431
1234	94	1432
1235	77	1384
1236	31	1433
1237	4	1434
1238	22	1434
1239	12	1435
1240	2	1445
1241	57	1436
1242	41	1436
1243	41	1437
1244	77	1438
1245	22	1439
1246	41	1439
1247	23	1440
1248	19	1441
1249	132	1441
1250	136	1442
1251	136	1443
1252	114	1444
1253	44	370
1254	43	371
1255	6	372
1256	30	373
1257	6	374
1258	77	375
1259	132	375
1260	4	376
1261	137	376
1262	136	377
1263	77	378
1264	6	379
1265	6	380
1266	2	1446
1267	6	381
1268	32	381
1269	6	382
1270	19	382
1271	30	383
1272	4	384
1273	1	354
1274	118	355
1275	6	356
1276	32	357
1277	43	358
1278	57	359
1279	57	360
1280	77	361
1281	4	362
1282	137	362
1283	2	1447
1284	77	363
1285	43	364
1286	33	365
1287	33	366
1288	1	341
1289	43	342
1290	136	343
1291	77	344
1292	6	345
1293	4	346
1294	137	346
1295	4	347
1296	132	347
1297	6	348
1298	6	349
1299	100	349
1300	132	349
1301	100	493
1302	43	350
1303	77	351
1304	2	1448
1305	6	352
1306	77	353
1307	1	326
1308	126	327
1309	72	328
1310	4	329
1311	33	329
1312	77	330
1313	29	331
1314	41	332
1315	77	333
1316	43	334
1317	2	1449
1318	3	335
1319	74	335
1320	99	336
1321	89	337
1322	30	338
1323	5	339
1324	123	340
1325	1	313
1326	3	314
1327	81	315
1328	77	316
1329	120	317
1330	137	317
1331	6	318
1332	43	319
1333	2	1450
1334	3	320
1335	43	321
1336	6	322
1337	32	323
1338	4	324
1339	137	324
1340	139	325
1341	1	300
1342	3	301
1343	5	302
1344	4	303
1345	136	304
1346	33	305
1347	6	306
1348	77	307
1349	2	1451
1350	89	308
1351	77	309
1352	5	310
1353	72	311
1354	43	312
1355	1	289
1356	6	290
1357	132	290
1358	77	291
1359	6	292
1360	43	292
1361	2	1452
1362	33	293
1363	77	294
1364	5	1453
1365	6	295
1366	43	296
1367	123	297
1368	72	298
1369	43	299
1370	1	277
1371	5	278
1372	120	279
1373	137	279
1374	131	280
1375	43	280
1376	140	281
1377	19	282
1378	43	283
1379	2	1454
1380	4	284
1381	132	284
1382	32	285
1383	126	285
1384	126	286
1385	72	287
1386	123	288
1387	139	288
1388	1	263
1389	131	264
1390	43	265
1391	33	266
1392	6	266
1393	77	267
1394	6	268
1395	19	269
1396	6	270
1397	52	271
1398	2	1455
1399	41	272
1400	72	273
1401	4	274
1402	80	275
1403	133	276
1404	1	251
1405	43	252
1406	6	252
1407	6	253
1408	138	254
1409	138	1456
1410	43	255
1411	41	256
1412	136	257
1413	99	258
1414	2	1457
1415	6	259
1416	120	260
1417	72	261
1418	101	262
1419	1	235
1420	6	236
1421	43	237
1422	136	238
1423	77	239
1424	136	240
1425	6	241
1426	131	242
1427	2	1458
1428	6	243
1429	6	244
1430	6	245
1431	72	246
1432	136	247
1433	123	248
1434	123	1459
1435	120	249
1436	136	250
1437	1	222
1438	6	223
1439	6	224
1440	6	1460
1441	6	225
1442	136	226
1443	32	227
1444	6	228
1445	6	229
1446	2	1461
1447	80	230
1448	88	231
1449	123	232
1450	112	233
1451	72	234
1452	1	208
1453	130	209
1454	6	210
1455	43	211
1456	33	212
1457	3	213
1458	72	1462
1459	123	1463
1460	77	214
1461	2	1464
1462	39	215
1463	136	216
1464	43	217
1465	123	218
1466	3	219
1467	6	220
1468	19	220
1469	43	221
1470	43	199
1471	77	200
1472	136	201
1473	77	202
1475	43	204
1476	2	1465
1477	43	205
1478	77	1466
1479	139	206
1480	6	207
1481	3	1467
1482	72	1468
1483	77	1469
1484	77	203
1485	6	190
1486	77	191
1487	6	192
1488	77	193
1489	88	194
1490	33	1470
1491	2	1471
1492	43	195
1493	38	196
1494	77	197
1495	33	1472
1496	43	1473
1497	72	198
1498	76	178
1499	130	179
1500	43	180
1501	77	181
1502	131	182
1503	77	183
1504	99	184
1505	72	185
1506	2	1474
1507	6	186
1508	43	187
1509	43	188
1510	6	189
1511	5	168
1513	141	169
1514	6	170
1515	139	171
1516	3	172
1517	123	173
1518	2	1475
1519	136	174
1520	43	175
1521	99	176
1522	6	177
1523	99	160
1524	6	160
1525	6	161
1526	43	161
1527	77	162
1530	43	163
1531	43	1476
1532	72	1476
1533	72	1477
1534	2	1478
1535	6	164
1536	43	164
1537	48	164
1538	77	165
1539	123	166
1540	6	167
1541	3	146
1542	3	147
1543	3	148
1544	141	149
1545	6	150
1546	89	151
1547	39	152
1548	6	153
1549	2	1479
1550	43	154
1551	6	154
1552	138	155
1553	77	156
1554	37	157
1555	72	158
1556	6	159
1557	131	132
1558	72	133
1559	130	134
1560	99	135
1561	77	136
1563	77	138
1564	2	1480
1566	77	137
1567	43	139
1568	6	140
1569	77	141
1570	3	142
1571	6	143
1572	6	144
1573	131	145
1574	1	122
1575	37	123
1576	5	124
1577	48	125
1578	131	125
1579	6	126
1580	2	1481
1581	6	127
1582	77	128
1583	77	129
1584	6	130
1585	41	131
1586	1	109
1587	111	110
1588	33	111
1589	72	112
1590	6	113
1591	6	114
1592	126	115
1593	6	116
1594	2	1482
1595	89	117
1596	43	117
1597	72	118
1598	123	119
1599	6	120
1600	131	121
1601	131	102
1602	33	102
1603	141	103
1604	72	104
1605	2	1483
1606	3	101
1607	39	105
1608	138	105
1609	39	106
1610	80	107
1611	43	108
1612	96	92
1613	41	93
1614	6	94
1615	6	95
1616	77	96
1618	77	98
1619	72	99
1620	77	100
1621	2	97
1622	6	82
1623	43	83
1625	43	85
1626	131	85
1627	6	86
1628	2	1484
1630	142	84
1631	6	87
1632	6	88
1633	6	89
1634	136	90
1635	72	91
1636	33	74
1637	33	75
1638	142	76
1639	33	77
1640	33	78
1643	6	80
1644	2	1485
1645	72	81
1646	131	63
1647	33	63
1648	6	64
1649	6	65
1650	6	66
1651	6	1486
1652	89	67
1653	6	67
1654	72	68
1655	2	1487
1656	77	69
1657	72	70
1658	29	71
1659	6	72
1660	123	73
1661	43	56
1662	33	56
1663	72	57
1664	6	58
1665	143	59
1666	137	59
1667	143	79
1668	137	79
1669	6	60
1670	2	1488
1671	6	61
1672	136	62
1673	43	43
1674	136	44
1675	114	45
1676	43	46
1677	6	47
1678	72	48
1679	6	49
1680	2	1489
1681	6	50
1682	6	51
1683	6	52
1684	6	53
1685	6	54
1686	43	55
1687	77	1490
1688	143	35
1689	137	35
1690	6	36
1691	6	37
1692	89	37
1693	2	1491
1694	70	38
1695	6	39
1696	43	40
1701	123	42
1702	77	1492
1703	72	30
1704	138	31
1705	26	32
1706	2	1493
1707	6	33
1708	72	34
1710	146	22
1711	146	41
1712	3	673
1713	146	673
1714	43	23
1715	138	24
1716	89	25
1717	2	1494
1718	43	26
1719	142	27
1720	6	28
1721	123	29
1722	43	15
1723	6	15
1724	19	16
1725	6	17
1726	33	17
1727	72	18
1728	6	19
1729	6	20
1730	2	1495
1731	6	21
1732	43	9
1733	1	1496
1734	144	1497
1735	57	1497
1736	22	1498
1737	42	1499
1738	102	1499
1739	7	1500
1740	48	1500
1741	6	1501
1742	42	1502
1743	48	1503
1744	14	1504
1745	74	1504
1746	99	1505
1747	65	1506
1748	137	1506
1749	136	1507
1750	12	1508
1751	2	1517
1752	32	1509
1753	28	1510
1754	10	1510
1755	145	1511
1756	136	1511
1757	137	1511
1758	9	1512
1759	19	1513
1760	136	1514
1761	4	1514
1762	13	1515
1763	114	1516
1764	3	10
1765	3	11
1766	6	12
1767	77	13
1768	2	1518
1769	6	14
1770	56	1
1771	143	2
1772	137	2
1773	77	4
1774	141	5
1776	77	3
1777	2	1520
1778	77	6
1779	72	7
1780	6	8
1781	77	1537
1782	143	1538
1783	137	1538
1784	43	1539
1785	6	1540
1786	2	1541
1787	43	1542
1788	99	1543
1789	8	1543
1790	43	1544
1791	143	1546
1792	137	1546
1793	141	1545
1794	131	1547
1795	56	1548
1796	123	1892
1797	43	1549
1798	2	1550
1799	141	1551
1800	43	1552
1801	43	1553
1802	43	1554
1803	80	1555
1804	141	1556
1805	2	1557
1806	6	1558
1807	77	1559
1808	80	1606
1809	6	1607
1810	43	1608
1811	6	1609
1812	2	1610
1813	77	1611
1814	5	1894
1815	131	1612
1816	77	1613
1817	6	1614
1818	43	1615
1819	139	1895
1820	123	1616
1821	4	1617
1822	137	1617
1823	43	1618
1824	2	1619
1825	99	1620
1826	77	1896
1827	6	1621
1828	6	1622
1829	43	1623
1830	2	1625
1831	43	1624
1832	141	1626
1833	43	1627
1834	6	1628
1835	6	1629
1836	43	1630
1837	80	1631
1838	2	1632
1839	4	1633
1840	137	1633
1841	6	1634
1842	43	1635
1843	6	1636
1844	80	1637
1845	2	1638
1846	77	1639
1847	6	1640
1848	77	1641
1849	141	1642
1850	43	1643
1851	6	1644
1852	2	1645
1853	72	1646
1854	123	1897
1855	13	1647
1856	6	1648
1857	43	1649
1858	6	1650
1859	2	1651
1860	142	1652
1861	6	1653
1862	43	1654
1863	43	1655
1864	2	1656
1865	43	1657
1866	77	1658
1867	123	1898
1868	123	1899
1869	6	1659
1870	4	1660
1871	137	1660
1872	43	1661
1873	43	1900
1874	43	1662
1875	89	1662
1876	2	1663
1877	6	1664
1878	43	1665
1879	43	1666
1880	77	1667
1881	72	1668
1882	2	1669
1883	80	1670
1884	72	1671
1885	43	1672
1886	80	1673
1887	72	1674
1888	2	1675
1889	141	1676
1890	77	1677
1891	72	1678
1892	6	1679
1893	70	1680
1894	72	1681
1895	2	1682
1896	6	1683
1897	6	1684
1898	72	1685
1899	43	1686
1900	6	1687
1901	141	1688
1902	72	1689
1903	2	1690
1904	6	1691
1905	72	1692
1906	138	1693
1907	6	1694
1908	72	1695
1909	2	1696
1910	6	1697
1911	72	1698
1912	4	1699
1913	137	1699
1914	6	1700
1915	72	1701
1916	2	1702
1917	6	1703
1918	72	1704
1919	41	1705
1920	5	1706
1921	137	1706
1922	123	1707
1923	72	1708
1924	2	1709
1925	6	1710
1926	41	1710
1927	72	1711
1928	6	1712
1929	77	1713
1930	72	1714
1931	2	1715
1932	6	1716
1933	6	1901
1934	72	1717
1935	143	1718
1936	137	1718
1937	19	1719
1938	6	1719
1939	72	1720
1940	2	1721
1941	131	1722
1942	141	1723
1943	131	1723
1944	72	1724
1945	6	1725
1946	6	1726
1947	143	1727
1948	72	1728
1949	2	1729
1950	72	1730
1951	141	1731
1952	72	1732
1953	143	1733
1954	136	1734
1955	41	1735
1956	72	1736
1957	2	1737
1958	6	1738
1959	72	1739
1960	141	1740
1961	6	1741
1962	72	1742
1963	2	1743
1964	6	1744
1965	72	1745
1966	77	1746
1967	6	1747
1968	72	1748
1969	77	1749
1970	141	1750
1971	72	1751
1972	143	1752
1973	6	1753
1974	6	1754
1975	43	1755
1976	72	1756
1977	2	1757
1978	6	1758
1979	72	1759
1980	6	1760
1981	6	1761
1982	6	1762
1983	143	1763
1984	72	1764
1985	2	1765
1986	6	1766
1987	77	1767
1988	72	1768
1989	143	1769
1990	77	1770
1991	6	1771
1992	141	1772
1993	72	1773
1994	2	1774
1995	136	1775
1996	72	1776
1997	141	1777
1998	141	1778
1999	72	1779
2000	141	1780
2001	131	1781
2002	141	1781
2003	141	1782
2004	141	1783
2005	143	1784
2006	77	1785
2007	72	1786
2008	2	1787
2009	126	1788
2010	72	1789
2011	6	1790
2012	141	1791
2013	77	1792
2014	123	1793
2015	72	1794
2016	2	1902
2017	6	1795
2018	72	1796
2019	136	1797
2020	6	1798
2021	72	1799
2022	2	1800
2023	6	1801
2024	6	1802
2025	32	1803
2026	143	1804
2027	72	1805
2028	2	1903
2029	147	1806
2030	141	1807
2031	6	1808
2032	6	1809
2033	72	1810
2034	2	1811
2035	6	1812
2036	57	1812
2037	6	1813
2038	70	1814
2039	6	1815
2040	72	1816
2041	2	1817
2042	6	1818
2043	72	1819
2044	32	1820
2045	6	1820
2046	143	1821
2047	72	1822
2048	2	1823
2049	77	1824
2050	1	1825
2051	134	1826
2052	6	1828
2053	72	1829
2054	2	1830
2055	77	1831
2056	6	1832
2057	6	1833
2058	6	1834
2059	72	1835
2060	2	1836
2061	6	1837
2062	99	1838
2063	6	1839
2064	72	1840
2065	2	1841
2066	6	1842
2067	6	1843
2068	6	1844
2069	72	1845
2070	6	1846
2071	2	1847
2072	6	1848
2073	43	1849
2074	123	1850
2075	72	1851
2076	136	1904
2077	2	1852
2078	6	1853
2079	88	1854
2080	134	1855
2081	72	1856
2082	6	1857
2083	2	1858
2084	131	1859
2085	80	1860
2086	6	1861
2087	72	1862
2088	43	1863
2089	6	1863
2090	2	1864
2091	6	1865
2092	6	1866
2093	6	1867
2094	72	1868
2095	43	1869
2096	29	1870
2097	134	1870
2098	43	1871
2099	134	1872
2100	72	1873
2101	6	1874
2102	43	1875
2103	6	1875
2104	99	1876
2105	43	1877
2106	72	1878
2107	77	1879
2108	147	1880
2109	140	1881
2110	6	1882
2111	72	1883
2112	70	1884
2113	43	1886
2114	6	1885
2115	1	1887
2116	77	1888
2117	72	1889
2118	6	1890
2119	6	1891
2120	1	1905
2121	48	1906
2122	41	1906
2123	101	1906
2124	5	1907
2125	91	1908
2126	136	1909
2127	43	1910
2128	48	1911
2129	40	1912
2130	143	1913
2131	48	1913
2132	137	1913
2133	32	1914
2134	99	1915
2135	99	1916
2136	4	1917
2137	97	1917
2138	48	1918
2139	131	1918
2140	136	1919
2141	2	1928
2142	99	1920
2143	45	1921
2144	106	1922
2145	74	1922
2146	4	1923
2147	61	1924
2148	148	1925
2149	21	1383
2150	91	1383
2151	133	1926
2152	21	1926
2153	91	1926
2154	114	1927
2155	1	1929
2156	25	1930
2157	13	1931
2158	6	1932
2159	6	1933
2160	19	1933
2161	43	1934
2162	43	1935
2163	6	1935
2164	59	1936
2165	136	1936
2166	38	1937
2167	46	1938
2168	136	1938
2169	136	1939
2170	99	1940
2171	41	1941
2172	5	1942
2173	22	1942
2174	6	1943
2175	68	1944
2176	2	1955
2177	55	1945
2178	48	1945
2179	6	1946
2180	6	1947
2181	136	1947
2182	25	1948
2183	48	1948
2184	13	1949
2185	77	1950
2186	44	1951
2187	71	1952
2188	130	1952
2189	5	1953
2190	114	1954
2191	1	1956
2192	4	1957
2193	33	1958
2194	149	1959
2195	43	1960
2196	32	1961
2197	110	1962
2198	64	1963
2199	87	1964
2200	99	1965
2203	136	1967
2204	19	1967
2205	118	1967
2206	151	1968
2207	2	1976
2208	77	1969
2209	77	1970
2210	19	1971
2211	4	1972
2212	150	1966
2213	106	1966
2214	4	1973
2215	6	1973
2216	4	1974
2217	114	1975
2218	1	1977
2219	31	1978
2220	138	1978
2221	136	1979
2222	22	1980
2223	127	1980
2224	87	1980
2225	81	1981
2226	43	1982
2227	136	1983
2228	69	1984
2229	19	1985
2230	4	1985
2231	126	1986
2232	99	1987
2233	136	1988
2234	136	1989
2235	10	1989
2236	103	1990
2237	2	2002
2238	77	1991
2239	150	1992
2240	59	1993
2241	126	1994
2242	131	1995
2243	94	1996
2244	136	1997
2245	20	1998
2246	136	1999
2247	71	2000
2248	114	2001
2249	1	2003
2250	44	2004
2251	44	2005
2252	41	2005
2253	152	2006
2254	43	2007
2255	153	1924
2256	153	2008
2257	99	2009
2258	72	2010
2259	154	2011
2260	69	2011
2261	131	1996
2262	131	2012
2263	40	2013
2264	105	2014
2265	103	2015
2266	20	2016
2267	99	2017
2268	74	2018
2269	80	2018
2270	5	2019
2271	74	2020
2272	80	2020
2273	2	2029
2274	48	2021
2275	39	2022
2276	77	2023
2277	22	2024
2278	148	2025
2279	74	2026
2280	80	2026
2281	30	2027
2282	136	2027
2283	114	2028
2284	155	2025
2285	1	2030
2286	32	2031
2287	136	2032
2288	22	2033
2289	58	2034
2290	43	2035
2291	19	2036
2292	87	2036
2293	48	2037
2294	130	2039
2295	136	2040
2296	99	2041
2297	89	2042
2298	136	2042
2299	4	2038
2300	4	2044
2301	2	2053
2302	101	2045
2303	48	2046
2304	89	2043
2305	156	2047
2306	54	2048
2307	78	2049
2308	77	2050
2309	49	2051
2310	114	2052
2311	1	2054
2312	143	2055
2313	25	2055
2314	5	2056
2315	149	2057
2316	59	2057
2317	100	2058
2318	104	2059
2319	32	2060
2320	5	2061
2321	77	2062
2322	99	2063
2323	136	2064
2324	83	2065
2325	5	2066
2326	136	2066
2327	2	2076
2328	19	2067
2329	152	2067
2330	19	2068
2331	19	2069
2332	5	2069
2333	41	2070
2334	80	2070
2335	42	2071
2336	137	2071
2337	94	2072
2338	13	2074
2339	114	2075
2340	77	2073
2341	1	2077
2342	136	2078
2343	42	2079
2344	25	2079
2345	80	2080
2346	22	2081
2347	136	2081
2348	120	2082
2349	136	2082
2350	43	2083
2351	149	2086
2352	10	2087
2353	61	2087
2354	118	2088
2355	110	2089
2356	48	2090
2357	32	2091
2358	136	2092
2359	37	2095
2360	99	2093
2361	94	2094
2362	77	2085
2363	94	2084
2364	99	2096
2365	61	2097
2366	32	2098
2367	2	2108
2368	136	2099
2369	130	2100
2370	113	2101
2371	19	2102
2374	69	2103
2375	44	2104
2376	136	2105
2377	77	2106
2378	114	2107
2379	1	2109
2380	144	2110
2381	118	2111
2382	104	2112
2383	32	2113
2384	43	2114
2385	97	2115
2386	77	2116
2387	143	2117
2388	25	2117
2389	136	2118
2390	136	2119
2391	106	2120
2392	23	2121
2393	99	2122
2394	43	2123
2395	19	2123
2396	31	2124
2397	8	2125
2398	32	2125
2399	10	2126
2400	9	2126
2401	2	2136
2402	77	2127
2403	39	2128
2404	61	2129
2405	157	2130
2406	133	2131
2407	77	2132
2408	94	2133
2409	77	2134
2410	114	2135
2411	1	2137
2412	148	2138
2413	101	2139
2414	37	2139
2415	29	2140
2416	24	2141
2417	43	2142
2418	113	2143
2419	113	2144
2420	113	2145
2421	35	2146
2422	39	2147
2423	99	2148
2424	19	2149
2425	24	2149
2426	77	2150
2427	2	2159
2428	4	2151
2429	77	2152
2430	89	2153
2431	5	2153
2432	19	2154
2433	118	2155
2434	77	2156
2435	13	2157
2436	114	2158
2437	1	2160
2438	131	2161
2439	148	2162
2440	101	2162
2441	77	2163
2442	43	2164
2443	19	2164
2444	77	2165
2445	149	2166
2446	77	2167
2447	56	2168
2448	32	2169
2449	136	2170
2450	99	2171
2451	156	2172
2452	77	2173
2453	2	2181
2454	3	2174
2455	10	2175
2456	136	2175
2457	29	2176
2458	22	2176
2459	89	2177
2460	136	2178
2461	136	2179
2462	32	2179
2463	114	2180
2464	1	2182
2465	130	2183
2466	158	2184
2467	155	2185
2468	136	2186
2469	19	2187
2470	136	2188
2472	159	2189
2473	2	2203
2474	103	2190
2475	131	2190
2476	77	2191
2477	77	2192
2478	99	2193
2479	7	2194
2480	48	2194
2481	160	2194
2482	5	2195
2483	78	2196
2484	23	2197
2485	72	2198
2486	86	2199
2487	41	2200
2488	137	2200
2489	13	2201
2490	114	2202
2491	1	2204
2492	4	2205
2493	44	2205
2494	4	2206
2495	44	2206
2496	161	2207
2497	149	2208
2498	43	2209
2499	32	2210
2500	94	2211
2501	99	2212
2502	123	2213
2503	133	2214
2504	52	2215
2505	113	2216
2506	77	2217
2507	2	2225
2508	37	2218
2509	4	2219
2510	32	2220
2511	77	2221
2512	143	2222
2513	162	2223
2514	114	2224
2515	1	2226
2516	25	2227
2517	97	2229
2518	77	2230
2519	43	2231
2520	61	2232
2521	61	2233
2522	32	2234
2523	80	2235
2524	77	2228
2525	138	2236
2526	99	2237
2527	41	2238
2528	33	2239
2529	90	2240
2530	41	2240
2531	77	2241
2532	41	2242
2533	2	2251
2534	123	2243
2535	77	2244
2536	34	2245
2537	99	2246
2538	97	2247
2539	130	2248
2540	13	2249
2541	114	2250
2542	1	2252
2543	163	2253
2544	163	2254
2545	99	2255
2546	77	2256
2547	80	2257
2548	43	2258
2549	19	2259
2550	29	2260
2551	77	2261
2552	77	2262
2553	6	2263
2554	99	2264
2555	24	2265
2556	41	2266
2557	2	2275
2558	20	2267
2559	149	2268
2560	41	2268
2561	32	2268
2562	41	2269
2563	69	2269
2564	130	2269
2565	41	2270
2566	164	2271
2567	99	2272
2568	33	2272
2569	13	2273
2570	114	2274
2571	1	2276
2572	103	2277
2573	10	2277
2574	48	2278
2575	7	2278
2576	77	2279
2577	43	2280
2578	131	2281
2579	7	2282
2580	22	2283
2581	99	2284
2582	93	2285
2583	32	2285
2584	99	2286
2585	165	2287
2586	162	2287
2587	57	2288
2588	79	2289
2589	2	2296
2590	99	2290
2591	4	2291
2592	48	2292
2593	48	2293
2594	13	2294
2595	114	2295
2596	1	2297
2597	131	2298
2598	25	2299
2599	57	2300
2600	42	2301
2601	137	2301
2602	77	2302
2603	43	2303
2604	77	2304
2605	90	2305
2606	166	2306
2607	77	2307
2608	99	2308
2609	4	2309
2610	149	2310
2611	2	2318
2612	83	2311
2613	77	2312
2614	77	2313
2615	23	2314
2616	64	2314
2617	41	2315
2618	13	2316
2619	114	2317
2620	1	2319
2621	131	2320
2622	77	2321
2623	43	2322
2624	77	2323
2625	5	2324
2626	41	2325
2627	32	2326
2628	162	2327
2629	41	2328
2630	99	2329
2631	77	2330
2632	41	2331
2633	2	2339
2634	5	2332
2635	77	2333
2636	41	2334
2637	77	2335
2638	41	2336
2639	13	2337
2640	114	2338
2641	1	2340
2642	77	2341
2643	42	2342
2644	5	2342
2645	43	2343
2646	77	2344
2647	3	2345
2648	31	2345
2649	5	2346
2650	77	2347
2651	77	2348
2652	99	2349
2653	110	2350
2654	101	2351
2655	2	2360
2656	31	2352
2657	139	2353
2658	81	2354
2659	88	2355
2660	21	2356
2661	167	2356
2662	71	2357
2663	130	2357
2664	41	2358
2665	114	2359
2666	1	2361
2667	39	2362
2668	99	2363
2669	44	2364
2670	43	2365
2671	168	2366
2672	3	2367
2673	136	2368
2674	74	2369
2675	126	2370
2676	22	2371
2677	99	2372
2678	131	2373
2679	136	2374
2680	77	2375
2681	2	2384
2682	71	2376
2683	77	2377
2684	66	2378
2685	48	2379
2686	6	2380
2687	37	2381
2688	13	2382
2689	114	2383
2690	1	2385
2691	55	2386
2692	17	2387
2693	43	2388
2694	58	2389
2695	134	2390
2696	10	2391
2697	86	2392
2698	87	2392
2699	99	2393
2700	5	2394
2701	32	2395
2702	5	2396
2703	2	2406
2704	136	2397
2705	5	2398
2706	5	2399
2707	66	2400
2708	136	2401
2709	99	2402
2710	158	2403
2711	93	2404
2712	114	2405
2713	1	2407
2714	43	2408
2715	48	2408
2716	77	2409
2717	6	2410
2718	43	2411
2719	99	2412
2722	5	2413
2723	31	2413
2724	99	2414
2725	74	2415
2726	77	2416
2727	2	2425
2728	77	2417
2729	17	2418
2730	48	2419
2731	74	2420
2732	74	2421
2733	128	2422
2734	13	2423
2735	114	2424
2736	1	2440
2737	157	2441
2738	48	2442
2739	118	2443
2740	57	2444
2741	43	2445
2742	77	2446
2743	43	2447
2744	126	2448
2745	8	2449
2746	101	2449
2747	99	2450
2748	136	2451
2749	136	2452
2750	77	2468
2751	169	2454
2752	2	2467
2753	77	2455
2754	89	2456
2755	86	2457
2756	77	2458
2757	77	2459
2758	13	2460
2759	114	2461
2760	1	2557
2761	57	2558
2762	41	2559
2763	77	2560
2764	43	2561
2765	77	2562
2766	77	2563
2767	57	2564
2768	57	2565
2769	101	2566
2770	5	2567
2771	5	2568
2772	41	2569
2773	113	2570
2774	2	2579
2775	12	2571
2776	41	2572
2777	155	2573
2778	131	2574
2780	170	2575
2781	33	2576
2782	13	2577
2783	114	2578
2784	1	2603
2785	5	2604
2786	41	2605
2787	155	2606
2788	43	2607
2789	161	2608
2790	20	2609
2791	143	2610
2792	77	2611
2793	136	2612
2794	74	2613
2795	99	2614
2796	77	2615
2797	77	2616
2798	133	2617
2799	19	2618
2800	2	2626
2801	41	2619
2802	41	2620
2803	61	2621
2804	77	2622
2805	77	2623
2806	13	2624
2807	114	2625
2808	1	2671
2809	52	2672
2810	41	2673
2811	77	2674
2812	136	2675
2813	43	2676
2814	5	2677
2816	5	2678
2817	31	2678
2818	162	2679
2819	41	2680
2820	99	2681
2821	77	2682
2822	5	2683
2823	77	2684
2824	2	2693
2825	48	2685
2826	7	2685
2827	32	2686
2828	48	2687
2829	77	2688
2830	136	2689
2831	77	2690
2832	13	2691
2833	114	2692
2834	1	2713
2835	143	2714
2836	74	2715
2837	77	2717
2838	43	2718
2839	136	2719
2840	102	2720
2841	171	2721
2842	155	2722
2843	99	2723
2844	77	2724
2845	25	2725
2846	11	2725
2847	41	2716
2848	48	2716
2849	2	2732
2850	77	2726
2851	136	2727
2852	5	2728
2853	113	2729
2854	94	2730
2855	114	2731
2856	1	2755
2857	77	2756
2858	136	2757
2859	77	2758
2860	4	2759
2861	43	2760
2862	118	2761
2863	126	2762
2864	41	2762
2865	41	2763
2866	44	2764
2867	99	2765
2868	77	2766
2869	77	2767
2870	2	2777
2871	57	2768
2872	92	2768
2873	172	2769
2874	173	2770
2875	131	2771
2876	143	2772
2877	77	2774
2878	13	2775
2879	114	2776
2880	77	2773
2881	1	2803
2882	48	2804
2883	174	2805
2884	37	2806
2885	41	2807
2886	5	2808
2887	43	2809
2888	6	2810
2889	6	2811
2890	41	2812
2891	25	2813
2892	77	2814
2893	99	2815
2894	135	2816
2895	5	2817
2896	49	2818
2897	14	2819
2898	41	2819
2899	2	2828
2900	77	2820
2901	101	2821
2902	131	2822
2903	41	2823
2904	143	2824
2905	77	2825
2906	61	2826
2907	33	2826
2908	114	2827
2909	1	2852
2910	7	2853
2911	48	2854
2912	94	2855
2913	43	2856
2914	77	2857
2915	77	2858
2916	48	2859
2917	126	2860
2918	74	2861
2919	99	2862
2920	48	2863
2921	59	2864
2922	69	2865
2923	48	2865
2924	2	2898
2925	48	2866
2926	41	2867
2927	155	2868
2928	96	2869
2929	41	2870
2930	32	2871
2931	80	2872
2932	13	2873
2933	114	2874
2934	1	2924
2935	23	2925
2936	4	2926
2937	96	2927
2938	43	2928
2939	5	2929
2940	136	2930
2941	74	2931
2942	77	2932
2943	77	2933
2944	77	2934
2945	99	2935
2946	131	2936
2947	133	2937
2948	2	2949
2949	114	2948
2950	94	2938
2951	41	2939
2952	5	2940
2953	5	2941
2954	25	2942
2955	48	2943
2956	162	2943
2957	23	2943
2958	77	2944
2959	77	2945
2960	41	2946
2961	96	2947
2962	1	2971
2963	23	2972
2964	105	2972
2965	131	2973
2966	44	2974
2967	175	2975
2968	43	2976
2969	48	2977
2970	136	2978
2971	77	2979
2972	99	2980
2973	71	2981
2974	77	2982
2976	131	2983
2977	77	2984
2978	77	2985
2979	77	2986
2980	155	2987
2981	72	2988
2982	2	2992
2983	41	2989
2984	13	2990
2985	114	2991
2986	1	3015
2987	41	3016
2988	74	3017
2989	103	3018
2990	43	3019
2992	176	3020
2993	163	3021
2994	77	3022
2995	66	3023
2996	99	3024
2997	143	3025
2998	78	3026
2999	112	3027
3000	2	3037
3001	33	3028
3002	96	3029
3003	33	3030
3004	148	3032
3005	30	3033
3006	175	3031
3007	5	3034
3008	77	3035
3009	114	3036
3010	1	3038
3011	55	3039
3012	7	3039
3013	150	3040
3014	43	3041
3015	77	3042
3016	22	3043
3017	77	3044
3018	131	3045
3019	99	3046
3020	5	3047
3021	131	3048
3022	2	3058
3023	33	3050
3024	114	3051
3025	155	3052
3026	96	3049
3027	155	3053
3028	5	3054
3029	13	3056
3030	114	3057
3031	77	3055
3032	1	3082
3033	131	3083
3034	61	3084
3035	130	3085
3037	43	3087
3038	96	3088
3039	123	3089
3040	48	3090
3042	177	3091
3043	99	3092
3045	178	3093
3046	77	3094
3047	2	3105
3048	30	3095
3049	3	3086
3050	77	3096
3051	88	3097
3052	77	3098
3053	77	3099
3054	110	3100
3055	33	3101
3056	5	3102
3057	31	3103
3058	114	3104
